         -90  -1.00000000     -0.999999344     -0.999999881      -1.00000000       6.55651093E-07   1.19209290E-07   0.00000000    
         -89 -0.999847710     -0.999847472     -0.999847591     -0.999847651       2.38418579E-07   1.19209290E-07   5.96046448E-08
         -88 -0.999390841     -0.999390960     -0.999390781     -0.999390900      -1.19209290E-07   5.96046448E-08  -5.96046448E-08
         -87 -0.998629510     -0.998629928     -0.998629510     -0.998629570      -4.17232513E-07   0.00000000      -5.96046448E-08
         -86 -0.997564077     -0.997564495     -0.997563958     -0.997564077      -4.17232513E-07   1.19209290E-07   0.00000000    
         -85 -0.996194720     -0.996195197     -0.996194601     -0.996194661      -4.76837158E-07   1.19209290E-07   5.96046448E-08
         -84 -0.994521916     -0.994522452     -0.994521916     -0.994521856      -5.36441803E-07   0.00000000       5.96046448E-08
         -83 -0.992546141     -0.992546678     -0.992546141     -0.992546141      -5.36441803E-07   0.00000000       0.00000000    
         -82 -0.990268052     -0.990268528     -0.990268052     -0.990267992      -4.76837158E-07   0.00000000       5.96046448E-08
         -81 -0.987688363     -0.987688720     -0.987688303     -0.987688243      -3.57627869E-07   5.96046448E-08   1.19209290E-07
         -80 -0.984807730     -0.984807968     -0.984807670     -0.984807730      -2.38418579E-07   5.96046448E-08   0.00000000    
         -79 -0.981627166     -0.981627285     -0.981627226     -0.981627107      -1.19209290E-07  -5.96046448E-08   5.96046448E-08
         -78 -0.978147626     -0.978147566     -0.978147566     -0.978147686       5.96046448E-08   5.96046448E-08  -5.96046448E-08
         -77 -0.974370062     -0.974370003     -0.974370003     -0.974370062       5.96046448E-08   5.96046448E-08   0.00000000    
         -76 -0.970295727     -0.970295548     -0.970295787     -0.970295668       1.78813934E-07  -5.96046448E-08   5.96046448E-08
         -75 -0.965925813     -0.965925574     -0.965925753     -0.965925872       2.38418579E-07   5.96046448E-08  -5.96046448E-08
         -74 -0.961261690     -0.961261272     -0.961261630     -0.961261749       4.17232513E-07   5.96046448E-08  -5.96046448E-08
         -73 -0.956304729     -0.956304252     -0.956304729     -0.956304669       4.76837158E-07   0.00000000       5.96046448E-08
         -72 -0.951056540     -0.951056004     -0.951056540     -0.951056421       5.36441803E-07   0.00000000       1.19209290E-07
         -71 -0.945518553     -0.945518076     -0.945518672     -0.945518434       4.76837158E-07  -1.19209290E-07   1.19209290E-07
         -70 -0.939692616     -0.939691961     -0.939692557     -0.939692616       6.55651093E-07   5.96046448E-08   0.00000000    
         -69 -0.933580399     -0.933579803     -0.933580399     -0.933580399       5.96046448E-07   0.00000000       0.00000000    
         -68 -0.927183867     -0.927183211     -0.927183807     -0.927183867       6.55651093E-07   5.96046448E-08   0.00000000    
         -67 -0.920504808     -0.920504272     -0.920504868     -0.920504689       5.36441803E-07  -5.96046448E-08   1.19209290E-07
         -66 -0.913545489     -0.913544953     -0.913545370     -0.913545430       5.36441803E-07   1.19209290E-07   5.96046448E-08
         -65 -0.906307817     -0.906307280     -0.906307757     -0.906307876       5.36441803E-07   5.96046448E-08  -5.96046448E-08
         -64 -0.898794055     -0.898793638     -0.898794055     -0.898794115       4.17232513E-07   0.00000000      -5.96046448E-08
         -63 -0.891006529     -0.891006172     -0.891006529     -0.891006470       3.57627869E-07   0.00000000       5.96046448E-08
         -62 -0.882947564     -0.882947266     -0.882947624     -0.882947683       2.98023224E-07  -5.96046448E-08  -1.19209290E-07
         -61 -0.874619722     -0.874619484     -0.874619722     -0.874619842       2.38418579E-07   0.00000000      -1.19209290E-07
         -60 -0.866025448     -0.866025269     -0.866025448     -0.866025507       1.78813934E-07   0.00000000      -5.96046448E-08
         -59 -0.857167304     -0.857167184     -0.857167244     -0.857167363       1.19209290E-07   5.96046448E-08  -5.96046448E-08
         -58 -0.848048091     -0.848048091     -0.848048151     -0.848048210       0.00000000      -5.96046448E-08  -1.19209290E-07
         -57 -0.838670552     -0.838670611     -0.838670552     -0.838670611      -5.96046448E-08   0.00000000      -5.96046448E-08
         -56 -0.829037547     -0.829037666     -0.829037666     -0.829037607      -1.19209290E-07  -1.19209290E-07  -5.96046448E-08
         -55 -0.819152057     -0.819152236     -0.819152057     -0.819152057      -1.78813934E-07   0.00000000       0.00000000    
         -54 -0.809017003     -0.809017241     -0.809017003     -0.809017122      -2.38418579E-07   0.00000000      -1.19209290E-07
         -53 -0.798635542     -0.798635840     -0.798635542     -0.798635542      -2.98023224E-07   0.00000000       0.00000000    
         -52 -0.788010716     -0.788011134     -0.788010776     -0.788010776      -4.17232513E-07  -5.96046448E-08  -5.96046448E-08
         -51 -0.777145922     -0.777146339     -0.777145922     -0.777145982      -4.17232513E-07   0.00000000      -5.96046448E-08
         -50 -0.766044438     -0.766044915     -0.766044497     -0.766044378      -4.76837158E-07  -5.96046448E-08   5.96046448E-08
         -49 -0.754709542     -0.754710138     -0.754709542     -0.754709661      -5.96046448E-07   0.00000000      -1.19209290E-07
         -48 -0.743144870     -0.743145406     -0.743144810     -0.743144929      -5.36441803E-07   5.96046448E-08  -5.96046448E-08
         -47 -0.731353700     -0.731354296     -0.731353760     -0.731353760      -5.96046448E-07  -5.96046448E-08  -5.96046448E-08
         -46 -0.719339788     -0.719340384     -0.719339728     -0.719339848      -5.96046448E-07   5.96046448E-08  -5.96046448E-08
         -45 -0.707106769     -0.707107425     -0.707106769     -0.707106769      -6.55651093E-07   0.00000000       0.00000000    
         -44 -0.694658399     -0.694658995     -0.694658339     -0.694658399      -5.96046448E-07   5.96046448E-08   0.00000000    
         -43 -0.681998372     -0.681998909     -0.681998312     -0.681998312      -5.36441803E-07   5.96046448E-08   5.96046448E-08
         -42 -0.669130623     -0.669131160     -0.669130623     -0.669130683      -5.36441803E-07   0.00000000      -5.96046448E-08
         -41 -0.656059027     -0.656059563     -0.656059027     -0.656059086      -5.36441803E-07   0.00000000      -5.96046448E-08
         -40 -0.642787576     -0.642788112     -0.642787635     -0.642787635      -5.36441803E-07  -5.96046448E-08  -5.96046448E-08
         -39 -0.629320383     -0.629320860     -0.629320383     -0.629320383      -4.76837158E-07   0.00000000       0.00000000    
         -38 -0.615661502     -0.615661860     -0.615661442     -0.615661442      -3.57627869E-07   5.96046448E-08   5.96046448E-08
         -37 -0.601814985     -0.601815403     -0.601814985     -0.601815104      -4.17232513E-07   0.00000000      -1.19209290E-07
         -36 -0.587785244     -0.587785602     -0.587785244     -0.587785304      -3.57627869E-07   0.00000000      -5.96046448E-08
         -35 -0.573576450     -0.573576689     -0.573576450     -0.573576450      -2.38418579E-07   0.00000000       0.00000000    
         -34 -0.559192896     -0.559193075     -0.559192896     -0.559192896      -1.78813934E-07   0.00000000       0.00000000    
         -33 -0.544639051     -0.544639230     -0.544638991     -0.544639051      -1.78813934E-07   5.96046448E-08   0.00000000    
         -32 -0.529919267     -0.529919326     -0.529919267     -0.529919267      -5.96046448E-08   0.00000000       0.00000000    
         -31 -0.515038073     -0.515038073     -0.515038013     -0.515038073       0.00000000       5.96046448E-08   0.00000000    
         -30 -0.500000000     -0.499999970     -0.500000000     -0.500000060       2.98023224E-08   0.00000000      -5.96046448E-08
         -29 -0.484809607     -0.484809518     -0.484809577     -0.484809637       8.94069672E-08   2.98023224E-08  -2.98023224E-08
         -28 -0.469471574     -0.469471395     -0.469471574     -0.469471604       1.78813934E-07   0.00000000      -2.98023224E-08
         -27 -0.453990489     -0.453990251     -0.453990489     -0.453990519       2.38418579E-07   0.00000000      -2.98023224E-08
         -26 -0.438371152     -0.438370854     -0.438371122     -0.438371181       2.98023224E-07   2.98023224E-08  -2.98023224E-08
         -25 -0.422618270     -0.422617912     -0.422618240     -0.422618270       3.57627869E-07   2.98023224E-08   0.00000000    
         -24 -0.406736642     -0.406736255     -0.406736672     -0.406736702       3.87430191E-07  -2.98023224E-08  -5.96046448E-08
         -23 -0.390731126     -0.390730679     -0.390731126     -0.390731156       4.47034836E-07   0.00000000      -2.98023224E-08
         -22 -0.374606609     -0.374606133     -0.374606609     -0.374606609       4.76837158E-07   0.00000000       0.00000000    
         -21 -0.358367950     -0.358367443     -0.358367950     -0.358367980       5.06639481E-07   0.00000000      -2.98023224E-08
         -20 -0.342020124     -0.342019588     -0.342020124     -0.342020154       5.36441803E-07   0.00000000      -2.98023224E-08
         -19 -0.325568169     -0.325567603     -0.325568140     -0.325568169       5.66244125E-07   2.98023224E-08   0.00000000    
         -18 -0.309017003     -0.309016436     -0.309017003     -0.309017032       5.66244125E-07   0.00000000      -2.98023224E-08
         -17 -0.292371690     -0.292371094     -0.292371690     -0.292371690       5.96046448E-07   0.00000000       0.00000000    
         -16 -0.275637358     -0.275636762     -0.275637358     -0.275637388       5.96046448E-07   0.00000000      -2.98023224E-08
         -15 -0.258819044     -0.258818448     -0.258819044     -0.258819073       5.96046448E-07   0.00000000      -2.98023224E-08
         -14 -0.241921902     -0.241921306     -0.241921887     -0.241921917       5.96046448E-07   1.49011612E-08  -1.49011612E-08
         -13 -0.224951059     -0.224950477     -0.224951059     -0.224951059       5.81145287E-07   0.00000000       0.00000000    
         -12 -0.207911700     -0.207911134     -0.207911700     -0.207911700       5.66244125E-07   0.00000000       0.00000000    
         -11 -0.190808997     -0.190808460     -0.190808997     -0.190809011       5.36441803E-07   0.00000000      -1.49011612E-08
         -10 -0.173648179     -0.173647672     -0.173648179     -0.173648164       5.06639481E-07   0.00000000       1.49011612E-08
          -9 -0.156434476     -0.156434000     -0.156434461     -0.156434476       4.76837158E-07   1.49011612E-08   0.00000000    
          -8 -0.139173105     -0.139172673     -0.139173105     -0.139173105       4.32133675E-07   0.00000000       0.00000000    
          -7 -0.121869348     -0.121868961     -0.121869341     -0.121869355       3.87430191E-07   7.45058060E-09  -7.45058060E-09
          -6 -0.104528464     -0.104528129     -0.104528464     -0.104528472       3.35276127E-07   0.00000000      -7.45058060E-09
          -5  -8.71557370E-02  -8.71554539E-02  -8.71557444E-02  -8.71557444E-02   2.83122063E-07  -7.45058060E-09  -7.45058060E-09
          -4  -6.97564706E-02  -6.97562397E-02  -6.97564706E-02  -6.97564706E-02   2.30967999E-07   0.00000000       0.00000000    
          -3  -5.23359589E-02  -5.23357838E-02  -5.23359589E-02  -5.23359589E-02   1.75088644E-07   0.00000000       0.00000000    
          -2  -3.48994955E-02  -3.48993763E-02  -3.48994955E-02  -3.48994955E-02   1.19209290E-07   0.00000000       0.00000000    
          -1  -1.74524058E-02  -1.74523462E-02  -1.74524058E-02  -1.74524058E-02   5.96046448E-08   0.00000000       0.00000000    
           0   0.00000000       0.00000000       0.00000000       0.00000000       0.00000000       0.00000000       0.00000000    
           1   1.74524058E-02   1.74523462E-02   1.74524058E-02   1.74524058E-02  -5.96046448E-08   0.00000000       0.00000000    
           2   3.48994955E-02   3.48993763E-02   3.48994955E-02   3.48994955E-02  -1.19209290E-07   0.00000000       0.00000000    
           3   5.23359589E-02   5.23357838E-02   5.23359589E-02   5.23359589E-02  -1.75088644E-07   0.00000000       0.00000000    
           4   6.97564706E-02   6.97562397E-02   6.97564706E-02   6.97564706E-02  -2.30967999E-07   0.00000000       0.00000000    
           5   8.71557370E-02   8.71554539E-02   8.71557444E-02   8.71557444E-02  -2.83122063E-07   7.45058060E-09   7.45058060E-09
           6  0.104528464      0.104528129      0.104528464      0.104528472      -3.35276127E-07   0.00000000       7.45058060E-09
           7  0.121869348      0.121868961      0.121869341      0.121869355      -3.87430191E-07  -7.45058060E-09   7.45058060E-09
           8  0.139173105      0.139172673      0.139173105      0.139173105      -4.32133675E-07   0.00000000       0.00000000    
           9  0.156434476      0.156434000      0.156434461      0.156434476      -4.76837158E-07  -1.49011612E-08   0.00000000    
          10  0.173648179      0.173647672      0.173648179      0.173648164      -5.06639481E-07   0.00000000      -1.49011612E-08
          11  0.190808997      0.190808460      0.190808997      0.190809011      -5.36441803E-07   0.00000000       1.49011612E-08
          12  0.207911700      0.207911134      0.207911700      0.207911700      -5.66244125E-07   0.00000000       0.00000000    
          13  0.224951059      0.224950477      0.224951059      0.224951059      -5.81145287E-07   0.00000000       0.00000000    
          14  0.241921902      0.241921306      0.241921887      0.241921917      -5.96046448E-07  -1.49011612E-08   1.49011612E-08
          15  0.258819044      0.258818448      0.258819044      0.258819073      -5.96046448E-07   0.00000000       2.98023224E-08
          16  0.275637358      0.275636762      0.275637358      0.275637388      -5.96046448E-07   0.00000000       2.98023224E-08
          17  0.292371690      0.292371094      0.292371690      0.292371690      -5.96046448E-07   0.00000000       0.00000000    
          18  0.309017003      0.309016436      0.309017003      0.309017032      -5.66244125E-07   0.00000000       2.98023224E-08
          19  0.325568169      0.325567603      0.325568140      0.325568169      -5.66244125E-07  -2.98023224E-08   0.00000000    
          20  0.342020124      0.342019588      0.342020124      0.342020154      -5.36441803E-07   0.00000000       2.98023224E-08
          21  0.358367950      0.358367443      0.358367950      0.358367980      -5.06639481E-07   0.00000000       2.98023224E-08
          22  0.374606609      0.374606133      0.374606609      0.374606609      -4.76837158E-07   0.00000000       0.00000000    
          23  0.390731126      0.390730679      0.390731126      0.390731156      -4.47034836E-07   0.00000000       2.98023224E-08
          24  0.406736642      0.406736255      0.406736672      0.406736702      -3.87430191E-07   2.98023224E-08   5.96046448E-08
          25  0.422618270      0.422617912      0.422618240      0.422618270      -3.57627869E-07  -2.98023224E-08   0.00000000    
          26  0.438371152      0.438370854      0.438371122      0.438371181      -2.98023224E-07  -2.98023224E-08   2.98023224E-08
          27  0.453990489      0.453990251      0.453990489      0.453990519      -2.38418579E-07   0.00000000       2.98023224E-08
          28  0.469471574      0.469471395      0.469471574      0.469471604      -1.78813934E-07   0.00000000       2.98023224E-08
          29  0.484809607      0.484809518      0.484809577      0.484809637      -8.94069672E-08  -2.98023224E-08   2.98023224E-08
          30  0.500000000      0.499999970      0.500000000      0.500000060      -2.98023224E-08   0.00000000       5.96046448E-08
          31  0.515038073      0.515038073      0.515038013      0.515038073       0.00000000      -5.96046448E-08   0.00000000    
          32  0.529919267      0.529919326      0.529919267      0.529919267       5.96046448E-08   0.00000000       0.00000000    
          33  0.544639051      0.544639230      0.544638991      0.544639051       1.78813934E-07  -5.96046448E-08   0.00000000    
          34  0.559192896      0.559193075      0.559192896      0.559192896       1.78813934E-07   0.00000000       0.00000000    
          35  0.573576450      0.573576689      0.573576450      0.573576450       2.38418579E-07   0.00000000       0.00000000    
          36  0.587785244      0.587785602      0.587785244      0.587785304       3.57627869E-07   0.00000000       5.96046448E-08
          37  0.601814985      0.601815403      0.601814985      0.601815104       4.17232513E-07   0.00000000       1.19209290E-07
          38  0.615661502      0.615661860      0.615661442      0.615661442       3.57627869E-07  -5.96046448E-08  -5.96046448E-08
          39  0.629320383      0.629320860      0.629320383      0.629320383       4.76837158E-07   0.00000000       0.00000000    
          40  0.642787576      0.642788112      0.642787635      0.642787635       5.36441803E-07   5.96046448E-08   5.96046448E-08
          41  0.656059027      0.656059563      0.656059027      0.656059086       5.36441803E-07   0.00000000       5.96046448E-08
          42  0.669130623      0.669131160      0.669130623      0.669130683       5.36441803E-07   0.00000000       5.96046448E-08
          43  0.681998372      0.681998909      0.681998312      0.681998312       5.36441803E-07  -5.96046448E-08  -5.96046448E-08
          44  0.694658399      0.694658995      0.694658339      0.694658399       5.96046448E-07  -5.96046448E-08   0.00000000    
          45  0.707106769      0.707107425      0.707106769      0.707106769       6.55651093E-07   0.00000000       0.00000000    
          46  0.719339788      0.719340384      0.719339728      0.719339848       5.96046448E-07  -5.96046448E-08   5.96046448E-08
          47  0.731353700      0.731354296      0.731353760      0.731353760       5.96046448E-07   5.96046448E-08   5.96046448E-08
          48  0.743144870      0.743145406      0.743144810      0.743144929       5.36441803E-07  -5.96046448E-08   5.96046448E-08
          49  0.754709542      0.754710138      0.754709542      0.754709661       5.96046448E-07   0.00000000       1.19209290E-07
          50  0.766044438      0.766044915      0.766044497      0.766044378       4.76837158E-07   5.96046448E-08  -5.96046448E-08
          51  0.777145922      0.777146339      0.777145922      0.777145982       4.17232513E-07   0.00000000       5.96046448E-08
          52  0.788010716      0.788011134      0.788010776      0.788010776       4.17232513E-07   5.96046448E-08   5.96046448E-08
          53  0.798635542      0.798635840      0.798635542      0.798635542       2.98023224E-07   0.00000000       0.00000000    
          54  0.809017003      0.809017241      0.809017003      0.809017122       2.38418579E-07   0.00000000       1.19209290E-07
          55  0.819152057      0.819152236      0.819152057      0.819152057       1.78813934E-07   0.00000000       0.00000000    
          56  0.829037547      0.829037666      0.829037666      0.829037607       1.19209290E-07   1.19209290E-07   5.96046448E-08
          57  0.838670552      0.838670611      0.838670552      0.838670611       5.96046448E-08   0.00000000       5.96046448E-08
          58  0.848048091      0.848048091      0.848048151      0.848048210       0.00000000       5.96046448E-08   1.19209290E-07
          59  0.857167304      0.857167184      0.857167244      0.857167363      -1.19209290E-07  -5.96046448E-08   5.96046448E-08
          60  0.866025448      0.866025269      0.866025448      0.866025507      -1.78813934E-07   0.00000000       5.96046448E-08
          61  0.874619722      0.874619484      0.874619722      0.874619842      -2.38418579E-07   0.00000000       1.19209290E-07
          62  0.882947564      0.882947266      0.882947624      0.882947683      -2.98023224E-07   5.96046448E-08   1.19209290E-07
          63  0.891006529      0.891006172      0.891006529      0.891006470      -3.57627869E-07   0.00000000      -5.96046448E-08
          64  0.898794055      0.898793638      0.898794055      0.898794115      -4.17232513E-07   0.00000000       5.96046448E-08
          65  0.906307817      0.906307280      0.906307757      0.906307876      -5.36441803E-07  -5.96046448E-08   5.96046448E-08
          66  0.913545489      0.913544953      0.913545370      0.913545430      -5.36441803E-07  -1.19209290E-07  -5.96046448E-08
          67  0.920504808      0.920504272      0.920504868      0.920504689      -5.36441803E-07   5.96046448E-08  -1.19209290E-07
          68  0.927183867      0.927183211      0.927183807      0.927183867      -6.55651093E-07  -5.96046448E-08   0.00000000    
          69  0.933580399      0.933579803      0.933580399      0.933580399      -5.96046448E-07   0.00000000       0.00000000    
          70  0.939692616      0.939691961      0.939692557      0.939692616      -6.55651093E-07  -5.96046448E-08   0.00000000    
          71  0.945518553      0.945518076      0.945518672      0.945518434      -4.76837158E-07   1.19209290E-07  -1.19209290E-07
          72  0.951056540      0.951056004      0.951056540      0.951056421      -5.36441803E-07   0.00000000      -1.19209290E-07
          73  0.956304729      0.956304252      0.956304729      0.956304669      -4.76837158E-07   0.00000000      -5.96046448E-08
          74  0.961261690      0.961261272      0.961261630      0.961261749      -4.17232513E-07  -5.96046448E-08   5.96046448E-08
          75  0.965925813      0.965925574      0.965925753      0.965925872      -2.38418579E-07  -5.96046448E-08   5.96046448E-08
          76  0.970295727      0.970295548      0.970295787      0.970295668      -1.78813934E-07   5.96046448E-08  -5.96046448E-08
          77  0.974370062      0.974370003      0.974370003      0.974370062      -5.96046448E-08  -5.96046448E-08   0.00000000    
          78  0.978147626      0.978147566      0.978147566      0.978147686      -5.96046448E-08  -5.96046448E-08   5.96046448E-08
          79  0.981627166      0.981627285      0.981627226      0.981627107       1.19209290E-07   5.96046448E-08  -5.96046448E-08
          80  0.984807730      0.984807968      0.984807670      0.984807730       2.38418579E-07  -5.96046448E-08   0.00000000    
          81  0.987688363      0.987688720      0.987688303      0.987688243       3.57627869E-07  -5.96046448E-08  -1.19209290E-07
          82  0.990268052      0.990268528      0.990268052      0.990267992       4.76837158E-07   0.00000000      -5.96046448E-08
          83  0.992546141      0.992546678      0.992546141      0.992546141       5.36441803E-07   0.00000000       0.00000000    
          84  0.994521916      0.994522452      0.994521916      0.994521856       5.36441803E-07   0.00000000      -5.96046448E-08
          85  0.996194720      0.996195197      0.996194601      0.996194661       4.76837158E-07  -1.19209290E-07  -5.96046448E-08
          86  0.997564077      0.997564495      0.997563958      0.997564077       4.17232513E-07  -1.19209290E-07   0.00000000    
          87  0.998629510      0.998629928      0.998629510      0.998629570       4.17232513E-07   0.00000000       5.96046448E-08
          88  0.999390841      0.999390960      0.999390781      0.999390900       1.19209290E-07  -5.96046448E-08   5.96046448E-08
          89  0.999847710      0.999847472      0.999847591      0.999847651      -2.38418579E-07  -1.19209290E-07  -5.96046448E-08
          90   1.00000000      0.999999344      0.999999881       1.00000000      -6.55651093E-07  -1.19209290E-07   0.00000000    
