         -20  0.707106769      0.707106769     -0.346573621     -0.346573621     -0.346432805       0.00000000       1.40815973E-04
         -19  0.719466746      0.719466746     -0.329244971     -0.329245001     -0.329137802      -2.98023224E-08   1.07169151E-04
         -18  0.732042789      0.732042789     -0.311916322     -0.311916322     -0.311836094       0.00000000       8.02278519E-05
         -17  0.744838655      0.744838655     -0.294587642     -0.294587642     -0.294528693       0.00000000       5.89489937E-05
         -16  0.757858157      0.757858157     -0.277259052     -0.277259022     -0.277216583       2.98023224E-08   4.24683094E-05
         -15  0.771105230      0.771105230     -0.259930432     -0.259930462     -0.259900570      -2.98023224E-08   2.98619270E-05
         -14  0.784583867      0.784583867     -0.242601812     -0.242601812     -0.242581367       0.00000000       2.04443932E-05
         -13  0.798298120      0.798298120     -0.225273162     -0.225273162     -0.225259587       0.00000000       1.35749578E-05
         -12  0.812252104      0.812252104     -0.207944512     -0.207944527     -0.207935810      -1.49011612E-08   8.70227814E-06
         -11  0.826449990      0.826449990     -0.190615878     -0.190615863     -0.190610513       1.49011612E-08   5.36441803E-06
         -10  0.840896070      0.840896070     -0.173287213     -0.173287198     -0.173284069       1.49011612E-08   3.14414501E-06
          -9  0.855594635      0.855594635     -0.155958578     -0.155958563     -0.155956849       1.49011612E-08   1.72853470E-06
          -8  0.870550156      0.870550156     -0.138629898     -0.138629913     -0.138629019      -1.49011612E-08   8.79168510E-07
          -7  0.885767102      0.885767102     -0.121301226     -0.121301226     -0.121300817       0.00000000       4.09781933E-07
          -6  0.901250005      0.901250005     -0.103972584     -0.103972577     -0.103972413       7.45058060E-09   1.71363354E-07
          -5  0.917003572      0.917003572      -8.66439119E-02  -8.66439044E-02  -8.66438523E-02   7.45058060E-09   5.96046448E-08
          -4  0.933032453      0.933032453      -6.93152919E-02  -6.93152919E-02  -6.93152770E-02   0.00000000       1.49011612E-08
          -3  0.949341536      0.949341536      -5.19866571E-02  -5.19866534E-02  -5.19866534E-02   3.72529030E-09   3.72529030E-09
          -2  0.965935707      0.965935707      -3.46580036E-02  -3.46580073E-02  -3.46580036E-02  -3.72529030E-09   0.00000000    
          -1  0.982819915      0.982819915      -1.73293762E-02  -1.73293762E-02  -1.73293743E-02   0.00000000       1.86264515E-09
           0   1.00000000       1.00000000       0.00000000       0.00000000       0.00000000       0.00000000       0.00000000    
           1   1.01747966       1.01747966       1.73286460E-02   1.73286460E-02   1.73286460E-02   0.00000000       0.00000000    
           2   1.03526485       1.03526485       3.46572883E-02   3.46572846E-02   3.46572883E-02  -3.72529030E-09   0.00000000    
           3   1.05336094       1.05336094       5.19859456E-02   5.19859456E-02   5.19859493E-02   0.00000000       3.72529030E-09
           4   1.07177329       1.07177329       6.93145543E-02   6.93145543E-02   6.93145767E-02   0.00000000       2.23517418E-08
           5   1.09050751       1.09050751       8.66431892E-02   8.66431892E-02   8.66432786E-02   0.00000000       8.94069672E-08
           6   1.10956919       1.10956919      0.103971824      0.103971824      0.103972092       0.00000000       2.68220901E-07
           7   1.12896407       1.12896407      0.121300459      0.121300459      0.121301144       0.00000000       6.85453415E-07
           8   1.14869797       1.14869797      0.138629109      0.138629124      0.138630703       1.49011612E-08   1.59442425E-06
           9   1.16877687       1.16877687      0.155957788      0.155957773      0.155961156      -1.49011612E-08   3.36766243E-06
          10   1.18920672       1.18920672      0.173286468      0.173286453      0.173293039      -1.49011612E-08   6.57141209E-06
          11   1.20999360       1.20999360      0.190615073      0.190615073      0.190627187       0.00000000       1.21146441E-05
          12   1.23114383       1.23114383      0.207943678      0.207943648      0.207964912      -2.98023224E-08   2.12341547E-05
          13   1.25266385       1.25266385      0.225272357      0.225272357      0.225308031       0.00000000       3.56733799E-05
          14   1.27455997       1.27455997      0.242601007      0.242600977      0.242658839      -2.98023224E-08   5.78314066E-05
          15   1.29683888       1.29683888      0.259929687      0.259929657      0.260020643      -2.98023224E-08   9.09566879E-05
          16   1.31950712       1.31950712      0.277258277      0.277258277      0.277397603       0.00000000       1.39325857E-04
          17   1.34257162       1.34257162      0.294586897      0.294586867      0.294795364      -2.98023224E-08   2.08467245E-04
          18   1.36603928       1.36603928      0.311915517      0.311915517      0.312221050       0.00000000       3.05533409E-04
          19   1.38991714       1.38991714      0.329244137      0.329244137      0.329683721       0.00000000       4.39584255E-04
          20   1.41421247       1.41421247      0.346572816      0.346572787      0.347194970      -2.98023224E-08   6.22153282E-04
           1   3.05175781E-05   1.00000000      -10.3972073      -10.3972073      -10.3972073       0.00000000       0.00000000    
           1   4.31583721E-05  0.707106769      -10.0506344      -10.0506344      -10.0504932       0.00000000       1.41143799E-04
           2   6.10351562E-05   1.00000000      -9.70406055      -9.70406055      -9.70406055       0.00000000       0.00000000    
           2   8.63167443E-05  0.707106769      -9.35748672      -9.35748768      -9.35734653      -9.53674316E-07   1.40190125E-04
           3   1.22070312E-04   1.00000000      -9.01091290      -9.01091385      -9.01091385      -9.53674316E-07  -9.53674316E-07
           3   1.72633489E-04  0.707106769      -8.66434002      -8.66434002      -8.66419888       0.00000000       1.41143799E-04
           4   2.44140625E-04   1.00000000      -8.31776619      -8.31776619      -8.31776619       0.00000000       0.00000000    
           4   3.45266977E-04  0.707106769      -7.97119236      -7.97119284      -7.97105217      -4.76837158E-07   1.40190125E-04
           5   4.88281250E-04   1.00000000      -7.62461901      -7.62461901      -7.62461901       0.00000000       0.00000000    
           5   6.90533954E-04  0.707106769      -7.27804518      -7.27804565      -7.27790499      -4.76837158E-07   1.40190125E-04
           6   9.76562500E-04   1.00000000      -6.93147182      -6.93147182      -6.93147182       0.00000000       0.00000000    
           6   1.38106791E-03  0.707106769      -6.58489799      -6.58489847      -6.58475780      -4.76837158E-07   1.40190125E-04
           7   1.95312500E-03   1.00000000      -6.23832464      -6.23832464      -6.23832464       0.00000000       0.00000000    
           7   2.76213582E-03  0.707106769      -5.89175129      -5.89175129      -5.89161062       0.00000000       1.40666962E-04
           8   3.90625000E-03   1.00000000      -5.54517746      -5.54517746      -5.54517746       0.00000000       0.00000000    
           8   5.52427163E-03  0.707106769      -5.19860411      -5.19860411      -5.19846344       0.00000000       1.40666962E-04
           9   7.81250000E-03   1.00000000      -4.85203028      -4.85203028      -4.85203028       0.00000000       0.00000000    
           9   1.10485433E-02  0.707106769      -4.50545692      -4.50545692      -4.50531626       0.00000000       1.40666962E-04
          10   1.56250000E-02   1.00000000      -4.15888309      -4.15888309      -4.15888309       0.00000000       0.00000000    
          10   2.20970865E-02  0.707106769      -3.81230950      -3.81230950      -3.81216860       0.00000000       1.40905380E-04
          11   3.12500000E-02   1.00000000      -3.46573591      -3.46573591      -3.46573591       0.00000000       0.00000000    
          11   4.41941731E-02  0.707106769      -3.11916232      -3.11916232      -3.11902142       0.00000000       1.40905380E-04
          12   6.25000000E-02   1.00000000      -2.77258873      -2.77258873      -2.77258873       0.00000000       0.00000000    
          12   8.83883461E-02  0.707106769      -2.42601514      -2.42601514      -2.42587423       0.00000000       1.40905380E-04
          13  0.125000000       1.00000000      -2.07944155      -2.07944155      -2.07944155       0.00000000       0.00000000    
          13  0.176776692      0.707106769      -1.73286796      -1.73286796      -1.73272705       0.00000000       1.40905380E-04
          14  0.250000000       1.00000000      -1.38629436      -1.38629436      -1.38629436       0.00000000       0.00000000    
          14  0.353553385      0.707106769      -1.03972077      -1.03972077      -1.03957999       0.00000000       1.40786171E-04
          15  0.500000000       1.00000000     -0.693147182     -0.693147182     -0.693147182       0.00000000       0.00000000    
          15  0.707106769      0.707106769     -0.346573621     -0.346573621     -0.346432805       0.00000000       1.40815973E-04
          16   1.00000000       1.00000000       0.00000000       0.00000000       0.00000000       0.00000000       0.00000000    
          16   1.41421354       1.41421354      0.346573561      0.346573591      0.347195745       2.98023224E-08   6.22183084E-04
